{
 "cells": [
  {
   "cell_type": "markdown",
   "id": "a879fb12",
   "metadata": {},
   "source": [
    "# Data preparation\n",
    "\n",
    "In this notebook we prepare coefficients for the Portfolio optimization problem in mean-variance statement. The risk is calculated as a covariation matrix of the chosen assets, and the return is calculated as a mean value of day returns of an asset. The data is collected over the trading year (251 day). "
   ]
  },
  {
   "cell_type": "code",
   "execution_count": 47,
   "id": "70346b68",
   "metadata": {},
   "outputs": [],
   "source": [
    "from datetime import datetime\n",
    "from concurrent import futures\n",
    "import pandas as pd\n",
    "from pandas import DataFrame\n",
    "from pathlib import Path\n",
    "import os\n",
    "from pandas_datareader import data as pdr\n",
    "import yfinance as yfin\n",
    "yfin.pdr_override()"
   ]
  },
  {
   "cell_type": "code",
   "execution_count": 48,
   "id": "1d70fb7c",
   "metadata": {},
   "outputs": [],
   "source": [
    "\"\"\" list of s_anp_p companies \"\"\"\n",
    "s_and_p = [\n",
    "    'MMM', 'ABT', 'ABBV', 'ABMD', 'ACN', 'ATVI', 'ADBE', 'AMD', 'AAP', 'AES', 'AFL', 'A', 'APD', 'AKAM', 'ALK', 'ALB', \n",
    "    'ARE', 'ALGN', 'ALLE', 'LNT', 'ALL', 'GOOGL', 'GOOG', 'MO', 'AMZN', 'AMCR', 'AEE', 'AAL', 'AEP', 'AXP', 'AIG', 'AMT',\n",
    "    'AWK', 'AMP', 'ABC', 'AME', 'AMGN', 'APH', 'ADI', 'ANSS', 'ANTM', 'AON', 'AOS', 'APA', 'AAPL', 'AMAT', 'APTV', 'ADM',\n",
    "    'ANET', 'AJG', 'AIZ', 'T', 'ATO', 'ADSK', 'ADP', 'AZO', 'AVB', 'AVY', 'BKR', 'BLL', 'BAC', 'BBWI', 'BAX', 'BDX', 'BRK.B',\n",
    "    'BBY', 'BIO', 'TECH', 'BIIB', 'BLK', 'BK', 'BA', 'BKNG', 'BWA', 'BXP', 'BSX', 'BMY', 'AVGO', 'BR', 'BRO', 'BF.B', 'CHRW',\n",
    "    'CDNS', 'CZR', 'CPB', 'COF', 'CAH', 'KMX', 'CCL', 'CARR', 'CTLT', 'CAT', 'CBOE', 'CBRE', 'CDW', 'CE', 'CNC', 'CNP', 'CDAY',\n",
    "    'CERN', 'CF', 'CRL', 'SCHW', 'CHTR', 'CVX', 'CMG', 'CB', 'CHD', 'CI', 'CINF', 'CTAS', 'CSCO', 'C', 'CFG', 'CTXS', 'CLX',\n",
    "    'CME', 'CMS', 'KO', 'CTSH', 'CL', 'CMCSA', 'CMA', 'CAG', 'COP', 'ED', 'STZ', 'COO', 'CPRT', 'GLW', 'CTVA', 'COST', 'CTRA',\n",
    "    'CCI', 'CSX', 'CMI', 'CVS', 'DHI', 'DHR', 'DRI', 'DVA', 'DE', 'DAL', 'XRAY', 'DVN', 'DXCM', 'FANG', 'DLR', 'DFS', 'DISCA',\n",
    "    'DISCK', 'DISH', 'DG', 'DLTR', 'D', 'DPZ', 'DOV', 'DOW', 'DTE', 'DUK', 'DRE', 'DD', 'DXC', 'EMN', 'ETN', 'EBAY', 'ECL',\n",
    "    'EIX', 'EW', 'EA', 'EMR', 'ENPH', 'ETR', 'EOG', 'EFX', 'EQIX', 'EQR', 'ESS', 'EL', 'ETSY', 'EVRG', 'ES', 'RE', 'EXC',\n",
    "    'EXPE', 'EXPD', 'EXR', 'XOM', 'FFIV', 'FB', 'FAST', 'FRT', 'FDX', 'FIS', 'FITB', 'FE', 'FRC', 'FISV', 'FLT', 'FMC', 'F',\n",
    "    'FTNT', 'FTV', 'FBHS', 'FOXA', 'FOX', 'BEN', 'FCX', 'GPS', 'GRMN', 'IT', 'GNRC', 'GD', 'GE', 'GIS', 'GM', 'GPC', 'GILD',\n",
    "    'GL', 'GPN', 'GS', 'GWW', 'HAL', 'HBI', 'HIG', 'HAS', 'HCA', 'PEAK', 'HSIC', 'HSY', 'HES', 'HPE', 'HLT', 'HOLX', 'HD',\n",
    "    'HON', 'HRL', 'HST', 'HWM', 'HPQ', 'HUM', 'HBAN', 'HII', 'IEX', 'IDXX', 'INFO', 'ITW', 'ILMN', 'INCY', 'IR', 'INTC', 'ICE',\n",
    "    'IBM', 'IP', 'IPG', 'IFF', 'INTU', 'ISRG', 'IVZ', 'IPGP', 'IQV', 'IRM', 'JKHY', 'J', 'JBHT', 'SJM', 'JNJ', 'JCI', 'JPM',\n",
    "    'JNPR', 'KSU', 'K', 'KEY', 'KEYS', 'KMB', 'KIM', 'KMI', 'KLAC', 'KHC', 'KR', 'LHX', 'LH', 'LRCX', 'LW', 'LVS', 'LEG','LDOS',\n",
    "    'LEN', 'LLY', 'LNC', 'LIN', 'LYV', 'LKQ', 'LMT', 'L', 'LOW', 'LUMN', 'LYB', 'MTB', 'MRO', 'MPC', 'MKTX', 'MAR', 'MMC',\n",
    "    'MLM', 'MAS', 'MA', 'MTCH', 'MKC', 'MCD', 'MCK', 'MDT', 'MRK', 'MET', 'MTD', 'MGM', 'MCHP', 'MU', 'MSFT', 'MAA','MRNA',\n",
    "    'MHK', 'TAP', 'MDLZ', 'MPWR', 'MNST', 'MCO', 'MS', 'MOS', 'MSI', 'MSCI', 'NDAQ', 'NTAP', 'NFLX', 'NWL', 'NEM', 'NWSA',\n",
    "    'NWS', 'NEE', 'NLSN', 'NKE', 'NI', 'NSC', 'NTRS', 'NOC', 'NLOK', 'NCLH', 'NRG', 'NUE', 'NVDA', 'NVR', 'NXPI','ORLY', 'OXY',\n",
    "    'ODFL', 'OMC', 'OKE', 'ORCL', 'OGN', 'OTIS', 'PCAR', 'PKG', 'PH', 'PAYX', 'PAYC', 'PYPL', 'PENN', 'PNR', 'PBCT', 'PEP',\n",
    "    'PKI', 'PFE', 'PM', 'PSX', 'PNW', 'PXD', 'PNC', 'POOL', 'PPG', 'PPL', 'PFG', 'PG', 'PGR', 'PLD', 'PRU', 'PTC', 'PEG', 'PSA',\n",
    "    'PHM', 'PVH', 'QRVO', 'PWR', 'QCOM', 'DGX', 'RL', 'RJF', 'RTX', 'O', 'REG', 'REGN', 'RF', 'RSG', 'RMD', 'RHI', 'ROK', 'ROL',\n",
    "    'ROP', 'ROST', 'RCL', 'SPGI', 'CRM', 'SBAC', 'SLB', 'STX', 'SEE', 'SRE', 'NOW', 'SHW', 'SPG', 'SWKS', 'SNA', 'SO', 'LUV',\n",
    "    'SWK', 'SBUX', 'STT', 'STE', 'SYK', 'SIVB', 'SYF', 'SNPS', 'SYY', 'TMUS', 'TROW', 'TTWO', 'TPR', 'TGT', 'TEL', 'TDY', 'TFX',\n",
    "    'TER', 'TSLA', 'TXN', 'TXT', 'TMO', 'TJX', 'TSCO', 'TT', 'TDG', 'TRV', 'TRMB', 'TFC', 'TWTR', 'TYL', 'TSN', 'UDR', 'ULTA',\n",
    "    'USB', 'UAA', 'UA', 'UNP', 'UAL', 'UNH', 'UPS', 'URI', 'UHS', 'VLO', 'VTR', 'VRSN',     'VRSK', 'VZ', 'VRTX', 'VFC', 'VIAC',\n",
    "    'VTRS', 'V', 'VNO', 'VMC', 'WRB', 'WAB', 'WMT', 'WBA', 'DIS', 'WM', 'WAT', 'WEC', 'WFC', 'WELL', 'WST', 'WDC', 'WU', 'WRK',\n",
    "    'WY', 'WHR', 'WMB', 'WLTW', 'WYNN', 'XEL', 'XLNX', 'XYL', 'YUM', 'ZBRA', 'ZBH','ZION', 'ZTS'\n",
    "]\n",
    "\n",
    "bad_names = []"
   ]
  },
  {
   "cell_type": "code",
   "execution_count": 49,
   "id": "dc91fbe9",
   "metadata": {},
   "outputs": [],
   "source": [
    "dirpath = os.path.join(Path().resolve(), 'S&P_500')\n",
    "Path(dirpath).mkdir(parents=True, exist_ok=True)"
   ]
  },
  {
   "cell_type": "markdown",
   "id": "abc6be52",
   "metadata": {},
   "source": [
    "The time, over which a trading data is collected. We are restricted by one trading year. Additionally, the example of how the data looks like in csv file, is shown. "
   ]
  },
  {
   "cell_type": "code",
   "execution_count": 51,
   "id": "6b1ba41e",
   "metadata": {},
   "outputs": [
    {
     "name": "stdout",
     "output_type": "stream",
     "text": [
      "2022-02-25 00:00:00 2023-02-26 00:00:00\n",
      "[*********************100%***********************]  1 of 1 completed\n"
     ]
    },
    {
     "data": {
      "text/html": [
       "<div>\n",
       "<style scoped>\n",
       "    .dataframe tbody tr th:only-of-type {\n",
       "        vertical-align: middle;\n",
       "    }\n",
       "\n",
       "    .dataframe tbody tr th {\n",
       "        vertical-align: top;\n",
       "    }\n",
       "\n",
       "    .dataframe thead th {\n",
       "        text-align: right;\n",
       "    }\n",
       "</style>\n",
       "<table border=\"1\" class=\"dataframe\">\n",
       "  <thead>\n",
       "    <tr style=\"text-align: right;\">\n",
       "      <th></th>\n",
       "      <th>Open</th>\n",
       "      <th>High</th>\n",
       "      <th>Low</th>\n",
       "      <th>Close</th>\n",
       "      <th>Adj Close</th>\n",
       "      <th>Volume</th>\n",
       "    </tr>\n",
       "    <tr>\n",
       "      <th>Date</th>\n",
       "      <th></th>\n",
       "      <th></th>\n",
       "      <th></th>\n",
       "      <th></th>\n",
       "      <th></th>\n",
       "      <th></th>\n",
       "    </tr>\n",
       "  </thead>\n",
       "  <tbody>\n",
       "    <tr>\n",
       "      <th>2022-02-25</th>\n",
       "      <td>163.839996</td>\n",
       "      <td>165.119995</td>\n",
       "      <td>160.869995</td>\n",
       "      <td>164.850006</td>\n",
       "      <td>163.857407</td>\n",
       "      <td>91974200</td>\n",
       "    </tr>\n",
       "    <tr>\n",
       "      <th>2022-02-28</th>\n",
       "      <td>163.059998</td>\n",
       "      <td>165.419998</td>\n",
       "      <td>162.429993</td>\n",
       "      <td>165.119995</td>\n",
       "      <td>164.125778</td>\n",
       "      <td>95056600</td>\n",
       "    </tr>\n",
       "    <tr>\n",
       "      <th>2022-03-01</th>\n",
       "      <td>164.699997</td>\n",
       "      <td>166.600006</td>\n",
       "      <td>161.970001</td>\n",
       "      <td>163.199997</td>\n",
       "      <td>162.217331</td>\n",
       "      <td>83474400</td>\n",
       "    </tr>\n",
       "    <tr>\n",
       "      <th>2022-03-02</th>\n",
       "      <td>164.389999</td>\n",
       "      <td>167.360001</td>\n",
       "      <td>162.949997</td>\n",
       "      <td>166.559998</td>\n",
       "      <td>165.557098</td>\n",
       "      <td>79724800</td>\n",
       "    </tr>\n",
       "    <tr>\n",
       "      <th>2022-03-03</th>\n",
       "      <td>168.470001</td>\n",
       "      <td>168.910004</td>\n",
       "      <td>165.550003</td>\n",
       "      <td>166.229996</td>\n",
       "      <td>165.229080</td>\n",
       "      <td>76678400</td>\n",
       "    </tr>\n",
       "    <tr>\n",
       "      <th>...</th>\n",
       "      <td>...</td>\n",
       "      <td>...</td>\n",
       "      <td>...</td>\n",
       "      <td>...</td>\n",
       "      <td>...</td>\n",
       "      <td>...</td>\n",
       "    </tr>\n",
       "    <tr>\n",
       "      <th>2023-02-17</th>\n",
       "      <td>152.350006</td>\n",
       "      <td>153.000000</td>\n",
       "      <td>150.850006</td>\n",
       "      <td>152.550003</td>\n",
       "      <td>152.550003</td>\n",
       "      <td>59095900</td>\n",
       "    </tr>\n",
       "    <tr>\n",
       "      <th>2023-02-21</th>\n",
       "      <td>150.199997</td>\n",
       "      <td>151.300003</td>\n",
       "      <td>148.410004</td>\n",
       "      <td>148.479996</td>\n",
       "      <td>148.479996</td>\n",
       "      <td>58867200</td>\n",
       "    </tr>\n",
       "    <tr>\n",
       "      <th>2023-02-22</th>\n",
       "      <td>148.869995</td>\n",
       "      <td>149.949997</td>\n",
       "      <td>147.160004</td>\n",
       "      <td>148.910004</td>\n",
       "      <td>148.910004</td>\n",
       "      <td>51011300</td>\n",
       "    </tr>\n",
       "    <tr>\n",
       "      <th>2023-02-23</th>\n",
       "      <td>150.089996</td>\n",
       "      <td>150.339996</td>\n",
       "      <td>147.240005</td>\n",
       "      <td>149.399994</td>\n",
       "      <td>149.399994</td>\n",
       "      <td>48394200</td>\n",
       "    </tr>\n",
       "    <tr>\n",
       "      <th>2023-02-24</th>\n",
       "      <td>147.110001</td>\n",
       "      <td>147.190002</td>\n",
       "      <td>145.720001</td>\n",
       "      <td>146.710007</td>\n",
       "      <td>146.710007</td>\n",
       "      <td>55418200</td>\n",
       "    </tr>\n",
       "  </tbody>\n",
       "</table>\n",
       "<p>251 rows × 6 columns</p>\n",
       "</div>"
      ],
      "text/plain": [
       "                  Open        High         Low       Close   Adj Close  \\\n",
       "Date                                                                     \n",
       "2022-02-25  163.839996  165.119995  160.869995  164.850006  163.857407   \n",
       "2022-02-28  163.059998  165.419998  162.429993  165.119995  164.125778   \n",
       "2022-03-01  164.699997  166.600006  161.970001  163.199997  162.217331   \n",
       "2022-03-02  164.389999  167.360001  162.949997  166.559998  165.557098   \n",
       "2022-03-03  168.470001  168.910004  165.550003  166.229996  165.229080   \n",
       "...                ...         ...         ...         ...         ...   \n",
       "2023-02-17  152.350006  153.000000  150.850006  152.550003  152.550003   \n",
       "2023-02-21  150.199997  151.300003  148.410004  148.479996  148.479996   \n",
       "2023-02-22  148.869995  149.949997  147.160004  148.910004  148.910004   \n",
       "2023-02-23  150.089996  150.339996  147.240005  149.399994  149.399994   \n",
       "2023-02-24  147.110001  147.190002  145.720001  146.710007  146.710007   \n",
       "\n",
       "              Volume  \n",
       "Date                  \n",
       "2022-02-25  91974200  \n",
       "2022-02-28  95056600  \n",
       "2022-03-01  83474400  \n",
       "2022-03-02  79724800  \n",
       "2022-03-03  76678400  \n",
       "...              ...  \n",
       "2023-02-17  59095900  \n",
       "2023-02-21  58867200  \n",
       "2023-02-22  51011300  \n",
       "2023-02-23  48394200  \n",
       "2023-02-24  55418200  \n",
       "\n",
       "[251 rows x 6 columns]"
      ]
     },
     "execution_count": 51,
     "metadata": {},
     "output_type": "execute_result"
    }
   ],
   "source": [
    "now_time = datetime(now_time.year, now_time.month , now_time.day-1)\n",
    "start_time = datetime(now_time.year - 1, now_time.month , now_time.day-1)\n",
    "print(start_time, now_time)\n",
    "\n",
    "data = pdr.get_data_yahoo('AAPL', start_time, now_time)\n",
    "data"
   ]
  },
  {
   "cell_type": "markdown",
   "id": "22ee3224",
   "metadata": {},
   "source": [
    "# Finding coefficients for MPT\n",
    "\n",
    "Here we define the stocks we will optimize. We used two sets of 10 and 20 assets. 10-set was optimized in VQE and quantum-annealing implementation, while 20-set was optimized in quantum-inspired algorithm, where 10-set is too small to catch the difference. This downloaded notebook will show only the results for 20-set."
   ]
  },
  {
   "cell_type": "code",
   "execution_count": 95,
   "id": "1d9d88f7",
   "metadata": {},
   "outputs": [
    {
     "name": "stdout",
     "output_type": "stream",
     "text": [
      "20\n"
     ]
    }
   ],
   "source": [
    "tickers = ['AAPL', 'MSFT', 'GOOGL', 'CSCO', 'KR', 'LHX', 'IVZ', 'IPGP', 'WMT',  'ABC']\n",
    "tickers = ['DISH', 'DG', 'DLTR', 'D', 'DPZ', 'DOV', 'DOW', 'DTE','SEE', 'SRE','AAPL', 'MSFT', 'GOOGL', 'CSCO', 'KR', 'LHX', 'IVZ', 'IPGP', 'WMT',  'ABC']\n",
    "\n",
    "print(len(tickers))"
   ]
  },
  {
   "cell_type": "markdown",
   "id": "7f9f40a8",
   "metadata": {},
   "source": [
    "## Data loading\n",
    "This function downloads the stock data for each of the tickers and changes the format to numpy array. The shape of the full dataset is printed for convinience. "
   ]
  },
  {
   "cell_type": "code",
   "execution_count": 96,
   "id": "b576e5d1",
   "metadata": {},
   "outputs": [
    {
     "name": "stdout",
     "output_type": "stream",
     "text": [
      "DISH\n",
      "[*********************100%***********************]  1 of 1 completed\n",
      "DG\n",
      "[*********************100%***********************]  1 of 1 completed\n",
      "DLTR\n",
      "[*********************100%***********************]  1 of 1 completed\n",
      "D\n",
      "[*********************100%***********************]  1 of 1 completed\n",
      "DPZ\n",
      "[*********************100%***********************]  1 of 1 completed\n",
      "DOV\n",
      "[*********************100%***********************]  1 of 1 completed\n",
      "DOW\n",
      "[*********************100%***********************]  1 of 1 completed\n",
      "DTE\n",
      "[*********************100%***********************]  1 of 1 completed\n",
      "SEE\n",
      "[*********************100%***********************]  1 of 1 completed\n",
      "SRE\n",
      "[*********************100%***********************]  1 of 1 completed\n",
      "AAPL\n",
      "[*********************100%***********************]  1 of 1 completed\n",
      "MSFT\n",
      "[*********************100%***********************]  1 of 1 completed\n",
      "GOOGL\n",
      "[*********************100%***********************]  1 of 1 completed\n",
      "CSCO\n",
      "[*********************100%***********************]  1 of 1 completed\n",
      "KR\n",
      "[*********************100%***********************]  1 of 1 completed\n",
      "LHX\n",
      "[*********************100%***********************]  1 of 1 completed\n",
      "IVZ\n",
      "[*********************100%***********************]  1 of 1 completed\n",
      "IPGP\n",
      "[*********************100%***********************]  1 of 1 completed\n",
      "WMT\n",
      "[*********************100%***********************]  1 of 1 completed\n",
      "ABC\n",
      "[*********************100%***********************]  1 of 1 completed\n",
      "(20, 252, 7)\n"
     ]
    }
   ],
   "source": [
    "import numpy as np\n",
    "def get_stock_data(stock):\n",
    "    \n",
    "    \"\"\" try to query the iex for a stock, if failed note with print \"\"\"\n",
    "    try:\n",
    "        print(stock)\n",
    "        stock_df = pdr.get_data_yahoo(stock, start_time, now_time)\n",
    "        output_name = os.path.join(dirpath, stock) + '.csv'\n",
    "        stock_df.to_csv(output_name)\n",
    "        return np.genfromtxt(output_name, delimiter=',')\n",
    "    except:\n",
    "        bad_names.append(stock)\n",
    "        print('bad: %s' % (stock))\n",
    "\n",
    "data = []\n",
    "k = 0\n",
    "for t in tickers:\n",
    "    data.append(get_stock_data(t))\n",
    "    k+=1\n",
    "data = np.array(data)\n",
    "print(data.shape)"
   ]
  },
  {
   "cell_type": "markdown",
   "id": "32c6a887",
   "metadata": {},
   "source": [
    "Here we remove text data, such as dates and coulumn labels."
   ]
  },
  {
   "cell_type": "code",
   "execution_count": 97,
   "id": "08593efe",
   "metadata": {},
   "outputs": [
    {
     "data": {
      "text/plain": [
       "(20, 251, 6)"
      ]
     },
     "execution_count": 97,
     "metadata": {},
     "output_type": "execute_result"
    }
   ],
   "source": [
    "data = data[:, 1:data.shape[1], 1:data.shape[2]]\n",
    "data.shape"
   ]
  },
  {
   "cell_type": "markdown",
   "id": "0d7b08d4",
   "metadata": {},
   "source": [
    "## Daily price\n",
    "\n",
    "Here we calculate the relative return for each day for each of the assets."
   ]
  },
  {
   "cell_type": "code",
   "execution_count": 98,
   "id": "08e41c8d",
   "metadata": {},
   "outputs": [
    {
     "name": "stdout",
     "output_type": "stream",
     "text": [
      "(20, 251)\n"
     ]
    }
   ],
   "source": [
    "MPT = np.zeros((data.shape[0], data.shape[1]))\n",
    "for p in range(data.shape[0]):\n",
    "    for j in range(data.shape[1]):\n",
    "        MPT[p, j] = (data[p][j][3]-data[p][j][0])/data[p][j][3]\n",
    "print(MPT.shape)"
   ]
  },
  {
   "cell_type": "markdown",
   "id": "0a5c245d",
   "metadata": {},
   "source": [
    "Computing expected return as a mean value of returns. Computing risk as a covariance matrix of our assets. The resulting coefficients are valid for classic QUBO formulation of MPT, so that the solution consists of elements that are 0 and 1. "
   ]
  },
  {
   "cell_type": "code",
   "execution_count": 99,
   "id": "f5457d8e",
   "metadata": {},
   "outputs": [],
   "source": [
    "R = MPT.mean(axis=1)\n",
    "C = np.cov(MPT)   "
   ]
  },
  {
   "cell_type": "markdown",
   "id": "7c1930e3",
   "metadata": {},
   "source": [
    "This are coefficients for MPT optimization problem, where string solution is s_i = {0,1}. We need to move to new variables as x_i = {-1,1} either -1 or +1. For this we do replacement of x_i = 2s_i - 1, and rewrite resulting coefficients.\n",
    "\n",
    "## As a result, we obtain J and h\n",
    "$\\sum_{i,j}J_{i,j}x_ix_j - \\sum_i h_ix_i $"
   ]
  },
  {
   "cell_type": "code",
   "execution_count": 101,
   "id": "f98ae877",
   "metadata": {},
   "outputs": [
    {
     "name": "stdout",
     "output_type": "stream",
     "text": [
      "h = [0.0036346112659595906, 0.0006316909776104469, 0.0008699437510284579, 0.0013392671856833458, 0.0013879278037356867, 0.0012141871119801435, 0.0008889385674761964, 0.0011553376000349692, 0.0017615481545932732, 0.0008911406360305534, 0.0011716979538296292, 0.0015405733396617767, 0.001543641915993737, 0.001570573032459637, 0.0013369236039704004, 0.0011422850749643653, 0.0013750420141347955, 0.001131124498172374, 0.00047791437377213734, 0.0006013557401137384]\n",
      "J = [\n",
      "[0.00032046046738773236, 2.9170726800890566e-05, 4.794455109070797e-05, 1.743194222284266e-05, 4.396621124520363e-05, 5.580537021872531e-05, 4.819681199885957e-05, 2.360712380745998e-05, 4.9583783787242055e-05, 2.4848893910628197e-05, 7.345478931018381e-05, 6.633853914320603e-05, 6.379775776751954e-05, 3.952437545893724e-05, 2.5089458214801202e-05, 1.987548443832619e-05, 9.731850745795969e-05, 8.930827918950908e-05, 2.1024675975173295e-05, 1.9355763101615392e-05] ,\n",
      "[2.9170726800890566e-05, 5.518250394454241e-05, 3.8806268993469535e-05, 1.7251409891672705e-05, 2.6771444211360497e-05, 2.3527246116971536e-05, 1.8676009091018325e-05, 1.8035176537351594e-05, 3.0913523658249386e-05, 1.632152003270879e-05, 3.1091439424639706e-05, 3.1150120795236754e-05, 2.988018971005781e-05, 2.015296699510775e-05, 2.577007084393903e-05, 2.3777189066321216e-05, 2.032287676287384e-05, 1.5044150875300057e-05, 2.2905644175931017e-05, 2.1954585041976012e-05] ,\n",
      "[4.794455109070797e-05, 3.8806268993469535e-05, 8.180208036570616e-05, 1.828037765705621e-05, 2.4329766900505015e-05, 3.109377385312019e-05, 2.7568321236511164e-05, 1.9348697120987928e-05, 3.5751538282575865e-05, 2.004294471810628e-05, 3.5764339140821835e-05, 3.798089229757071e-05, 3.578748651172024e-05, 2.3853188705032445e-05, 2.413350055675645e-05, 1.968666806256758e-05, 3.968759750085073e-05, 2.960797224591244e-05, 2.9155427670294592e-05, 2.12610802525155e-05] ,\n",
      "[1.743194222284266e-05, 1.7251409891672705e-05, 1.828037765705621e-05, 4.793731174059693e-05, 1.2446104022834137e-05, 1.9071729679101816e-05, 1.7672868206903787e-05, 3.509184475515416e-05, 2.0135676427363255e-05, 3.307663785139458e-05, 1.763014758214991e-05, 1.766896647383162e-05, 1.5037006216104409e-05, 1.8780430896224456e-05, 2.5675822831371673e-05, 2.713761460026098e-05, 2.0900549948512954e-05, 8.914439480535371e-06, 2.0131306263887553e-05, 2.1189699044351667e-05] ,\n",
      "[4.396621124520363e-05, 2.6771444211360497e-05, 2.4329766900505015e-05, 1.2446104022834137e-05, 9.123253763409188e-05, 2.6427424441009536e-05, 1.7149641051083732e-05, 1.0915167979545485e-05, 2.5661130513084227e-05, 1.2722563077307526e-05, 3.5262696376295647e-05, 3.378929926343896e-05, 3.3483653471722e-05, 2.2689185124447987e-05, 2.059878250127724e-05, 1.4716701158252626e-05, 3.32448195273435e-05, 3.0448505129734895e-05, 1.4137818622734462e-05, 1.3955919771860521e-05] ,\n",
      "[5.580537021872531e-05, 2.3527246116971536e-05, 3.109377385312019e-05, 1.9071729679101816e-05, 2.6427424441009536e-05, 5.385214180747792e-05, 3.4948035197358135e-05, 2.0968991233564606e-05, 3.772708295933949e-05, 2.0513966060119692e-05, 4.273834918464724e-05, 4.118623327481829e-05, 4.152804424818527e-05, 3.0539845751112265e-05, 1.9787661351475254e-05, 2.0786350616246625e-05, 5.084240449009886e-05, 4.7812928458617804e-05, 1.927630769483128e-05, 1.685272414228003e-05] ,\n",
      "[4.819681199885957e-05, 1.8676009091018325e-05, 2.7568321236511164e-05, 1.7672868206903787e-05, 1.7149641051083732e-05, 3.4948035197358135e-05, 5.5854269912009204e-05, 1.802057800501208e-05, 3.632726388287251e-05, 1.8630759753540577e-05, 3.19400513954278e-05, 3.145954181558612e-05, 3.177190358631683e-05, 2.3033510256605612e-05, 1.6526015094870277e-05, 1.612928925493841e-05, 4.692427466937145e-05, 3.2113691668478496e-05, 1.3543922859733111e-05, 1.6903460322253948e-05] ,\n",
      "[2.360712380745998e-05, 1.8035176537351594e-05, 1.9348697120987928e-05, 3.509184475515416e-05, 1.0915167979545485e-05, 2.0968991233564606e-05, 1.802057800501208e-05, 4.3121136886459995e-05, 2.1803859656732146e-05, 3.3751971619564626e-05, 1.875590211009221e-05, 1.6912575324212265e-05, 1.3141755975164951e-05, 1.78120959735849e-05, 2.669598128198111e-05, 2.4315102135054805e-05, 2.2164997310151993e-05, 7.849455063848644e-06, 2.010448732630716e-05, 2.014148665715579e-05] ,\n",
      "[4.9583783787242055e-05, 3.0913523658249386e-05, 3.5751538282575865e-05, 2.0135676427363255e-05, 2.5661130513084227e-05, 3.772708295933949e-05, 3.632726388287251e-05, 2.1803859656732146e-05, 8.224767523212344e-05, 2.3415689187458213e-05, 4.268416901798232e-05, 4.231094344871803e-05, 4.554550935619975e-05, 3.0451800702802514e-05, 2.3251038812813235e-05, 2.1013080135108713e-05, 5.1472923624226605e-05, 3.2764045990951526e-05, 1.96636006786565e-05, 2.5167592242320132e-05] ,\n",
      "[2.4848893910628197e-05, 1.632152003270879e-05, 2.004294471810628e-05, 3.307663785139458e-05, 1.2722563077307526e-05, 2.0513966060119692e-05, 1.8630759753540577e-05, 3.3751971619564626e-05, 2.3415689187458213e-05, 4.497062771499336e-05, 2.0036929746509497e-05, 1.709873086518377e-05, 1.4836181730998705e-05, 1.8679973912061283e-05, 2.199778410954544e-05, 2.4455496215330607e-05, 2.5691868453591615e-05, 1.0897550169150232e-05, 1.5364489447397536e-05, 2.0972807540767934e-05] ,\n",
      "[7.345478931018381e-05, 3.1091439424639706e-05, 3.5764339140821835e-05, 1.763014758214991e-05, 3.5262696376295647e-05, 4.273834918464724e-05, 3.19400513954278e-05, 1.875590211009221e-05, 4.268416901798232e-05, 2.0036929746509497e-05, 8.550544809956893e-05, 6.597394128657166e-05, 6.886153949687868e-05, 4.136898470943548e-05, 2.0901547959668815e-05, 2.4544818345663797e-05, 5.738908892914245e-05, 5.345036450746979e-05, 2.4285262162601265e-05, 1.9937308526221395e-05] ,\n",
      "[6.633853914320603e-05, 3.1150120795236754e-05, 3.798089229757071e-05, 1.766896647383162e-05, 3.378929926343896e-05, 4.118623327481829e-05, 3.145954181558612e-05, 1.6912575324212265e-05, 4.231094344871803e-05, 1.709873086518377e-05, 6.597394128657166e-05, 7.564925650035922e-05, 7.002106650334303e-05, 3.9611341508778875e-05, 1.7539781959800265e-05, 2.3064725549778306e-05, 5.5574024018535316e-05, 4.754317890375989e-05, 2.135040385824844e-05, 1.918218963251246e-05] ,\n",
      "[6.379775776751954e-05, 2.988018971005781e-05, 3.578748651172024e-05, 1.5037006216104409e-05, 3.3483653471722e-05, 4.152804424818527e-05, 3.177190358631683e-05, 1.3141755975164951e-05, 4.554550935619975e-05, 1.4836181730998705e-05, 6.886153949687868e-05, 7.002106650334303e-05, 9.020893535426328e-05, 3.946844745696376e-05, 1.6662740390839828e-05, 2.3997892783672895e-05, 5.348412981493657e-05, 5.078254561787636e-05, 1.982163620846132e-05, 1.8635521391282075e-05] ,\n",
      "[3.952437545893724e-05, 2.015296699510775e-05, 2.3853188705032445e-05, 1.8780430896224456e-05, 2.2689185124447987e-05, 3.0539845751112265e-05, 2.3033510256605612e-05, 1.78120959735849e-05, 3.0451800702802514e-05, 1.8679973912061283e-05, 4.136898470943548e-05, 3.9611341508778875e-05, 3.946844745696376e-05, 4.3890902901130166e-05, 1.9516148031570784e-05, 2.1781337351292795e-05, 3.7142555631141626e-05, 3.253060366703807e-05, 2.048990563672807e-05, 2.1471288210756962e-05] ,\n",
      "[2.5089458214801202e-05, 2.577007084393903e-05, 2.413350055675645e-05, 2.5675822831371673e-05, 2.059878250127724e-05, 1.9787661351475254e-05, 1.6526015094870277e-05, 2.669598128198111e-05, 2.3251038812813235e-05, 2.199778410954544e-05, 2.0901547959668815e-05, 1.7539781959800265e-05, 1.6662740390839828e-05, 1.9516148031570784e-05, 7.818794347993256e-05, 2.6167483473029978e-05, 1.1527204610153593e-05, -5.532468529346055e-06, 3.1622899188462224e-05, 2.6089231963028752e-05] ,\n",
      "[1.987548443832619e-05, 2.3777189066321216e-05, 1.968666806256758e-05, 2.713761460026098e-05, 1.4716701158252626e-05, 2.0786350616246625e-05, 1.612928925493841e-05, 2.4315102135054805e-05, 2.1013080135108713e-05, 2.4455496215330607e-05, 2.4544818345663797e-05, 2.3064725549778306e-05, 2.3997892783672895e-05, 2.1781337351292795e-05, 2.6167483473029978e-05, 6.753821393384018e-05, 1.6022310606793798e-05, 3.2586328058524543e-06, 1.8850754657682e-05, 2.4497760275467503e-05] ,\n",
      "[9.731850745795969e-05, 2.032287676287384e-05, 3.968759750085073e-05, 2.0900549948512954e-05, 3.32448195273435e-05, 5.084240449009886e-05, 4.692427466937145e-05, 2.2164997310151993e-05, 5.1472923624226605e-05, 2.5691868453591615e-05, 5.738908892914245e-05, 5.5574024018535316e-05, 5.348412981493657e-05, 3.7142555631141626e-05, 1.1527204610153593e-05, 1.6022310606793798e-05, 0.00011069950589875929, 6.780296161300823e-05, 1.8437191493517315e-05, 1.6535874562725428e-05] ,\n",
      "[8.930827918950908e-05, 1.5044150875300057e-05, 2.960797224591244e-05, 8.914439480535371e-06, 3.0448505129734895e-05, 4.7812928458617804e-05, 3.2113691668478496e-05, 7.849455063848644e-06, 3.2764045990951526e-05, 1.0897550169150232e-05, 5.345036450746979e-05, 4.754317890375989e-05, 5.078254561787636e-05, 3.253060366703807e-05, -5.532468529346055e-06, 3.2586328058524543e-06, 6.780296161300823e-05, 0.00013496984548934404, 1.1793497657807616e-05, 1.0054631493389993e-05] ,\n",
      "[2.1024675975173295e-05, 2.2905644175931017e-05, 2.9155427670294592e-05, 2.0131306263887553e-05, 1.4137818622734462e-05, 1.927630769483128e-05, 1.3543922859733111e-05, 2.010448732630716e-05, 1.96636006786565e-05, 1.5364489447397536e-05, 2.4285262162601265e-05, 2.135040385824844e-05, 1.982163620846132e-05, 2.048990563672807e-05, 3.1622899188462224e-05, 1.8850754657682e-05, 1.8437191493517315e-05, 1.1793497657807616e-05, 4.167087864634214e-05, 2.0096827897784913e-05] ,\n",
      "[1.9355763101615392e-05, 2.1954585041976012e-05, 2.12610802525155e-05, 2.1189699044351667e-05, 1.3955919771860521e-05, 1.685272414228003e-05, 1.6903460322253948e-05, 2.014148665715579e-05, 2.5167592242320132e-05, 2.0972807540767934e-05, 1.9937308526221395e-05, 1.918218963251246e-05, 1.8635521391282075e-05, 2.1471288210756962e-05, 2.6089231963028752e-05, 2.4497760275467503e-05, 1.6535874562725428e-05, 1.0054631493389993e-05, 2.0096827897784913e-05, 4.7682245947186725e-05] ,\n",
      "]\n"
     ]
    }
   ],
   "source": [
    "h_s = C.sum(axis = 1)\n",
    "h = (h_s - R)/2\n",
    "J = np.array(C)/4\n",
    "print('h =', list(h))\n",
    "print('J = [')\n",
    "for i in range(20):\n",
    "    print(list(J[i]),',')\n",
    "print(']')"
   ]
  },
  {
   "cell_type": "code",
   "execution_count": null,
   "id": "9e1e1424",
   "metadata": {},
   "outputs": [],
   "source": []
  }
 ],
 "metadata": {
  "kernelspec": {
   "display_name": "Python 3",
   "language": "python",
   "name": "python3"
  },
  "language_info": {
   "codemirror_mode": {
    "name": "ipython",
    "version": 3
   },
   "file_extension": ".py",
   "mimetype": "text/x-python",
   "name": "python",
   "nbconvert_exporter": "python",
   "pygments_lexer": "ipython3",
   "version": "3.8.10"
  }
 },
 "nbformat": 4,
 "nbformat_minor": 5
}
